Matrix 1:
8
4 5 5
0 1 1 1 0 0 0 0
1 0 1 0 0 1 0 1
1 1 0 1 1 0 0 1
1 0 1 0 1 0 0 0
0 0 1 1 0 0 1 1
0 1 0 0 0 0 1 1
0 0 0 0 1 1 0 1
0 1 1 0 1 1 1 0
3 2 0 0 1 1 2 0

Matrix 2:
10
5 7 5
0 0 0 0 11 0 0 0 0 0
0 0 0 0 0 3 0 0 0 0
0 0 0 0 15 0 5 0 0 0
0 0 0 0 0 5 0 0 2 0
11 0 15 0 0 6 0 0 0 0
0 3 0 5 6 0 0 0 0 0
0 0 5 0 0 0 0 0 0 0
0 0 0 0 0 0 0 0 0 0
0 0 0 2 0 0 0 0 0 10
0 0 0 0 0 0 0 0 10 0
12 11 7 1 5 2 3 2 12 24

Matrix 3:
14
13 12 5
0 0 0 0 11 0 0 0 0 1 0 0 0 0
0 0 0 0 0 3 0 13 10 5 0 0 0 0
0 0 0 0 0 0 5 13 0 0 0 0 0 0
0 0 0 0 0 5 0 0 0 0 0 0 0 0
11 0 0 0 0 0 0 0 0 0 0 0 4 0
0 3 0 5 0 0 0 0 0 0 0 0 0 0
0 0 5 0 0 0 0 0 0 0 24 0 0 0
0 13 13 0 0 0 0 0 0 0 12 0 0 0
0 10 0 0 0 0 0 0 0 0 0 0 0 0
1 5 0 0 0 0 0 0 0 0 0 0 0 0
0 0 0 0 0 0 24 12 0 0 0 9 0 0
0 0 0 0 0 0 0 0 0 0 9 0 0 3
0 0 0 0 4 0 0 0 0 0 0 0 0 0
0 0 0 0 0 0 0 0 0 0 0 3 0 0
12 11 5 7 1 5 8 9 19 8 6 12 4 1



